Epoch	TrainLoss	ValLoss
1	0.587149	0.497439
2	0.384344	0.338297
3	0.275140	0.263597
4	0.213028	0.266328
5	0.171774	0.228602
6	0.141146	0.238069
7	0.124009	0.239110
8	0.107797	0.213206
9	0.095044	0.216653
10	0.087609	0.215492
11	0.080850	0.202619
12	0.073905	0.216513
13	0.067579	0.208345
14	0.074083	0.198234
15	0.060006	0.329600
16	0.055925	0.237252
17	0.058462	0.265157
18	0.049192	0.205016
19	0.042360	0.275124
20	0.050503	0.202183
21	0.039507	0.212381
22	0.040326	0.242841

Confusion matrix:
1023 18
337 749


Classification report:
              precision    recall  f1-score   support

     control     0.7522    0.9827    0.8521      1041
   afflicted     0.9765    0.6897    0.8084      1086

    accuracy                         0.8331      2127
   macro avg     0.8644    0.8362    0.8303      2127
weighted avg     0.8667    0.8331    0.8298      2127


ROC AUC: 0.952502
