Epoch	TrainLoss
1	0.584058
2	0.481840
3	0.420729
4	0.369347
5	0.322529
6	0.285533
7	0.251043
8	0.228730
9	0.205698
10	0.185257
11	0.169763
12	0.153514
13	0.130558
14	0.120248
15	0.109150

Confusion matrix:
128 191
1 377


              precision    recall  f1-score   support

     control     0.9922    0.4013    0.5714       319
   afflicted     0.6637    0.9974    0.7970       378

    accuracy                         0.7245       697
   macro avg     0.8280    0.6993    0.6842       697
weighted avg     0.8141    0.7245    0.6938       697
